[[ 0.11400487  0.18833598  0.2529265   0.34587359]
 [ 0.11367741  0.18669939  0.25139907  0.34434757]
 [ 0.11401939  0.18747279  0.25231227  0.34426558]
 [ 0.1135328   0.18698239  0.25138131  0.34415448]
 [ 0.11363818  0.18770909  0.25205857  0.34477246]
 [ 0.11345153  0.18872368  0.25281781  0.34612221]
 [ 0.11373455  0.19062954  0.25468931  0.34826171]
 [ 0.11378243  0.19144145  0.2555283   0.34978008]
 [ 0.1135502   0.20229     0.26524526  0.36092961]
 [ 0.11634915  0.20337448  0.26737863  0.3643347 ]
 [ 0.11422493  0.18952766  0.25543052  0.35323313]
 [ 0.11774374  0.19740632  0.26558271  0.35391504]
 [ 0.11524762  0.19450134  0.26000899  0.35323188]
 [ 0.11518233  0.19291249  0.2584618   0.35172439]
 [ 0.1151002   0.18861985  0.25465646  0.34706855]
 [ 0.11467938  0.18543461  0.25161624  0.34255981]
 [ 0.11441429  0.18313649  0.24897033  0.3389889 ]
 [ 0.11321548  0.17992993  0.2449044   0.33563185]
 [ 0.11300121  0.17953011  0.24405754  0.33430171]
 [ 0.11214766  0.17836699  0.24209368  0.33346429]
 [ 0.11230332  0.17675401  0.24056023  0.33158204]
 [ 0.11167654  0.17365059  0.23737311  0.32843626]
 [ 0.11185699  0.1738154   0.23754302  0.32728767]
 [ 0.11126365  0.17042157  0.23372447  0.32420242]
 [ 0.1108732   0.16872521  0.23192781  0.3217923 ]
 [ 0.11064871  0.16952093  0.23223284  0.3218593 ]
 [ 0.11012025  0.169112    0.23117422  0.32201958]
 [ 0.10997117  0.17028987  0.23213166  0.32334355]
 [ 0.10999189  0.1737757   0.23526701  0.32711202]
 [ 0.11021575  0.17690951  0.23820937  0.33133173]
 [ 0.11069165  0.17837793  0.24011436  0.33390611]
 [ 0.1113417   0.18019077  0.24261841  0.33596992]
 [ 0.11190452  0.18215966  0.24500495  0.33807856]
 [ 0.11214214  0.1835961   0.24661943  0.33998951]
 [ 0.11261122  0.18463868  0.24802864  0.34129012]
 [ 0.11274351  0.18516287  0.24879205  0.34210694]
 [ 0.11324406  0.18539524  0.24944055  0.34221047]]